[gd_scene load_steps=4 format=2]

[ext_resource path="res://src/player/Player.tscn" type="PackedScene" id=1]

[sub_resource type="BoxShape" id=1]
extents = Vector3( 20, 1, 20 )

[sub_resource type="CubeMesh" id=2]
size = Vector3( 40, 2, 40 )

[node name="Main" type="Node"]

[node name="Ground" type="StaticBody" parent="."]

[node name="CollisionShape" type="CollisionShape" parent="Ground"]
transform = Transform( 1, 0, 0, 0, 1, 0, 0, 0, 1, 0, -1, 0 )
shape = SubResource( 1 )

[node name="MeshInstance" type="MeshInstance" parent="Ground"]
transform = Transform( 1, 0, 0, 0, 1, 0, 0, 0, 1, 0, -1, 0 )
mesh = SubResource( 2 )

[node name="Ground2" type="StaticBody" parent="."]
transform = Transform( 1, 0, 0, 0, 1, 0, 0, 0, 1, 0, 0.437922, -31.4478 )

[node name="CollisionShape" type="CollisionShape" parent="Ground2"]
transform = Transform( 1, 0, 0, 0, 1, 0, 0, 0, 1, 0, -1, 0 )
shape = SubResource( 1 )

[node name="MeshInstance" type="MeshInstance" parent="Ground2"]
transform = Transform( 1, 0, 0, 0, 1, 0, 0, 0, 1, 0, -1, 0 )
mesh = SubResource( 2 )

[node name="DirectionalLight" type="DirectionalLight" parent="."]
transform = Transform( 1, 0, 0, 0, 0.628995, 0.77741, 0, -0.77741, 0.628995, 0, 24.7379, 0 )
shadow_enabled = true

[node name="Player" parent="." instance=ExtResource( 1 )]

[node name="Skeleton" parent="Player/Pivot/Robot/Armature" index="0"]
bones/3/bound_children = [ NodePath("left_foot") ]
bones/6/bound_children = [ NodePath("right_foot") ]

[node name="left_foot" parent="Player/Pivot/Robot/Armature/Skeleton" index="1"]
transform = Transform( -0.999279, -0.0109647, 0.0363399, 0.037958, -0.288651, 0.956682, -1.78814e-07, 0.957373, 0.28886, 1.86879, 0.276815, -0.502075 )

[node name="right_foot" parent="Player/Pivot/Robot/Armature/Skeleton" index="2"]
transform = Transform( -0.999279, 0.0109645, -0.0363402, -0.0379582, -0.28865, 0.956682, -5.12227e-08, 0.957371, 0.288858, -1.86879, 0.276816, -0.502077 )

[editable path="Player"]
[editable path="Player/Pivot/Robot"]
